{"co":[[0,0,0,0,0,0,0,0,0,0,0,0,0,0,0,0,0,0,0,0,0,0,0,0,0,0],[0,0,1130,1134,1127,1134,1080,1100,1083,1121,1172,1149,1133,1141,1137,1133,1049,1127,1110,1112,1164,1103,1105,1100,1154,1152],[0,1130,0,1109,1148,1127,1097,1115,1089,1130,1154,1136,1127,1125,1145,1115,1049,1100,1117,1085,1164,1099,1106,1114,1127,1172],[0,1134,1109,0,1149,1134,1105,1116,1075,1137,1164,1144,1096,1144,1138,1140,1056,1110,1130,1117,1176,1111,1143,1105,1149,1180],[0,1127,1148,1149,0,1110,1109,1069,1083,1147,1155,1163,1138,1152,1118,1090,1059,1097,1101,1142,1165,1124,1141,1113,1155,1165],[0,1134,1127,1134,1110,0,1076,1114,1097,1102,1167,1163,1107,1154,1144,1126,1071,1089,1131,1122,1183,1147,1104,1095,1146,1163],[0,1080,1097,1105,1109,1076,0,1059,1033,1112,1116,1076,1103,1105,1084,1065,1020,1089,1094,1093,1134,1063,1082,1051,1124,1126],[0,1100,1115,1116,1069,1114,1059,0,1073,1091,1142,1131,1098,1109,1126,1072,1055,1090,1116,1078,1160,1070,1114,1073,1117,1130],[0,1083,1089,1075,1083,1097,1033,1073,0,1073,1141,1125,1075,1096,1114,1065,1023,1054,1078,1053,1124,1071,1090,1051,1078,1126],[0,1121,1130,1137,1147,1102,1112,1091,1073,0,1187,1119,1129,1140,1138,1103,1054,1113,1103,1124,1185,1110,1098,1087,1095,1154],[0,1172,1154,1164,1155,1167,1116,1142,1141,1187,0,1187,1180,1162,1187,1143,1119,1148,1162,1159,1224,1140,1122,1139,1177,1213],[0,1149,1136,1144,1163,1163,1076,1131,1125,1119,1187,0,1132,1159,1145,1132,1063,1121,1136,1129,1218,1133,1136,1141,1149,1169],[0,1133,1127,1096,1138,1107,1103,1098,1075,1129,1180,1132,0,1139,1131,1116,1074,1115,1137,1117,1191,1128,1135,1105,1149,1179],[0,1141,1125,1144,1152,1154,1105,1109,1096,1140,1162,1159,1139,0,1130,1132,1084,1134,1156,1114,1209,1133,1145,1100,1151,1158],[0,1137,1145,1138,1118,1144,1084,1126,1114,1138,1187,1145,1131,1130,0,1141,1084,1110,1100,1116,1207,1122,1139,1109,1143,1166],[0,1133,1115,1140,1090,1126,1065,1072,1065,1103,1143,1132,1116,1132,1141,0,1039,1077,1089,1104,1158,1110,1114,1075,1121,1126],[0,1049,1049,1056,1059,1071,1020,1055,1023,1054,1119,1063,1074,1084,1084,1039,0,1017,1054,1067,1099,1062,1050,1040,1071,1093],[0,1127,1100,1110,1097,1089,1089,1090,1054,1113,1148,1121,1115,1134,1110,1077,1017,0,1108,1095,1137,1101,1084,1071,1103,1142],[0,1110,1117,1130,1101,1131,1094,1116,1078,1103,1162,1136,1137,1156,1100,1089,1054,1108,0,1108,1192,1113,1121,1070,1125,1159],[0,1112,1085,1117,1142,1122,1093,1078,1053,1124,1159,1129,1117,1114,1116,1104,1067,1095,1108,0,1162,1110,1081,1083,1108,1149],[0,1164,1164,1176,1165,1183,1134,1160,1124,1185,1224,1218,1191,1209,1207,1158,1099,1137,1192,1162,0,1167,1137,1141,1168,1205],[0,1103,1099,1111,1124,1147,1063,1070,1071,1110,1140,1133,1128,1133,1122,1110,1062,1101,1113,1110,1167,0,1108,1054,1120,1129],[0,1105,1106,1143,1141,1104,1082,1114,1090,1098,1122,1136,1135,1145,1139,1114,1050,1084,1121,1081,1137,1108,0,1071,1138,1148],[0,1100,1114,1105,1113,1095,1051,1073,1051,1087,1139,1141,1105,1100,1109,1075,1040,1071,1070,1083,1141,1054,1071,0,1105,1129],[0,1154,1127,1149,1155,1146,1124,1117,1078,1095,1177,1149,1149,1151,1143,1121,1071,1103,1125,1108,1168,1120,1138,1105,0,1187],[0,1152,1172,1180,1165,1163,1126,1130,1126,1154,1213,1169,1179,1158,1166,1126,1093,1142,1159,1149,1205,1129,1148,1129,1187,0]],"freq":{"1":1925,"2":1920,"3":1933,"4":1930,"5":1929,"6":1864,"7":1887,"8":1855,"9":1918,"10":1990,"11":1954,"12":1931,"13":1948,"14":1941,"15":1899,"16":1818,"17":1888,"18":1915,"19":1902,"20":2005,"21":1902,"22":1908,"23":1873,"24":1940,"25":1980},"N":3197}